Input=./input/AscendingOrderHighOnFirstHalfAndLowOnSecondHalf_100.txt
Output=./output/AscendingOrderHighOnFirstHalfAndLowOnSecondHalf_100_p24.txt
Times measured in nsec
cores=48
maxProcs=24
runs=10
n=100
arrIn=[99 98 97 96 95 94 93 92 91 90 89 88 87 86 85 84 83 82 81 80 79 78 77 76 75 74 73 72 71 70 69 68 67 66 65 64 63 62 61 60 59 58 57 56 55 54 53 52 51 50 0 1 2 3 4 5 6 7 8 9 10 11 12 13 14 15 16 17 18 19 20 21 22 23 24 25 26 27 28 29 30 31 32 33 34 35 36 37 38 39 40 41 42 43 44 45 46 47 48 49]

Algorithm,ExecTime1,ExecTime2,ExecTime3,ExecTime4,ExecTime5,ExecTime6,ExecTime7,ExecTime8,ExecTime9,ExecTime10,ExecTimeAvg
bitonicsort,373941,1446183,531650,508012,477792,283961,323313,372060,514567,491580,532305
mergesort,36529,18820,18439,19394,36025,5928,41936,24057,36371,10117,24761
quickSort,177183,53732,108358,108130,101576,109144,918494,115896,54949,102453,184991
radixsort,170678,204328,183250,216620,228818,226797,210543,211899,199004,439577,229151
