Input=./input/AscendingOrderHighOnFirstHalfAndLowOnSecondHalf_100.txt
Output=./output/AscendingOrderHighOnFirstHalfAndLowOnSecondHalf_100_p1.txt
Times measured in nsec
cores=48
maxProcs=1
runs=10
n=100
arrIn=[99 98 97 96 95 94 93 92 91 90 89 88 87 86 85 84 83 82 81 80 79 78 77 76 75 74 73 72 71 70 69 68 67 66 65 64 63 62 61 60 59 58 57 56 55 54 53 52 51 50 0 1 2 3 4 5 6 7 8 9 10 11 12 13 14 15 16 17 18 19 20 21 22 23 24 25 26 27 28 29 30 31 32 33 34 35 36 37 38 39 40 41 42 43 44 45 46 47 48 49]

Algorithm,ExecTime1,ExecTime2,ExecTime3,ExecTime4,ExecTime5,ExecTime6,ExecTime7,ExecTime8,ExecTime9,ExecTime10,ExecTimeAvg
bitonicsort,481136,1052548,331410,550073,1067907,345663,391964,677415,542453,890656,633122
mergesort,21912,30858,23317,18637,45087,25000,22858,40314,49740,21189,29891
quickSort,107815,110466,108959,141081,98165,110374,107494,104669,104916,105419,109935
radixsort,210794,280101,272967,295959,376267,325131,119203,105775,270223,143242,239966
