Input=./input/MergeSortWorstCase_100.txt
Output=./output/MergeSortWorstCase_100_p48.txt
Times measured in nsec
cores=48
maxProcs=48
runs=10
n=100
arrIn=[0 64 32 96 16 80 48 8 72 40 24 88 56 4 68 36 20 84 52 12 76 44 28 92 60 2 66 34 98 18 82 50 10 74 42 26 90 58 6 70 38 22 86 54 14 78 46 30 94 62 1 65 33 97 17 81 49 9 73 41 25 89 57 5 69 37 21 85 53 13 77 45 29 93 61 3 67 35 99 19 83 51 11 75 43 27 91 59 7 71 39 23 87 55 15 79 47 31 95 63]

Algorithm,ExecTime1,ExecTime2,ExecTime3,ExecTime4,ExecTime5,ExecTime6,ExecTime7,ExecTime8,ExecTime9,ExecTime10,ExecTimeAvg
bitonicsort,318166,424245,1313640,647744,314828,251164,545247,640597,455215,381364,529221
mergesort,19841,37890,37833,37383,20699,36421,46801,36006,51965,36015,36085
quickSort,116929,126125,121051,119267,105962,122091,47009,120220,124018,121589,112426
radixsort,236674,241034,244035,224163,181287,417497,253022,204985,255961,211935,247059
