Input=./input/MergeSortWorstCase_100.txt
Output=./output/MergeSortWorstCase_100_p24.txt
Times measured in nsec
cores=48
maxProcs=24
runs=10
n=100
arrIn=[0 64 32 96 16 80 48 8 72 40 24 88 56 4 68 36 20 84 52 12 76 44 28 92 60 2 66 34 98 18 82 50 10 74 42 26 90 58 6 70 38 22 86 54 14 78 46 30 94 62 1 65 33 97 17 81 49 9 73 41 25 89 57 5 69 37 21 85 53 13 77 45 29 93 61 3 67 35 99 19 83 51 11 75 43 27 91 59 7 71 39 23 87 55 15 79 47 31 95 63]

Algorithm,ExecTime1,ExecTime2,ExecTime3,ExecTime4,ExecTime5,ExecTime6,ExecTime7,ExecTime8,ExecTime9,ExecTime10,ExecTimeAvg
bitonicsort,490544,659958,353632,482157,1116655,317405,514814,364164,1523897,530345,635357
mergesort,6145,37044,38255,30448,37478,37815,43197,38094,48098,43578,36015
quickSort,121462,108224,126643,123768,112772,61784,126377,120282,58323,128740,108837
radixsort,250165,250802,229487,611699,222743,236924,229941,171282,167198,278092,264833
