Input=./input/NearlySortedInDescendingOrderCase_100.txt
Output=./output/NearlySortedInDescendingOrderCase_100_p1.txt
Times measured in nsec
cores=48
maxProcs=1
runs=10
n=100
arrIn=[99 61 97 33 95 94 93 92 91 90 89 88 87 86 85 41 83 82 81 80 79 78 55 76 75 74 73 72 71 70 69 68 67 66 65 64 63 62 98 60 59 35 57 56 31 54 53 52 51 50 49 10 47 46 45 44 43 42 84 40 39 38 37 23 58 34 96 32 77 30 29 28 27 26 25 24 36 22 21 20 19 18 17 16 15 14 13 12 11 8 9 5 7 6 48 4 3 2 1 0]

Algorithm,ExecTime1,ExecTime2,ExecTime3,ExecTime4,ExecTime5,ExecTime6,ExecTime7,ExecTime8,ExecTime9,ExecTime10,ExecTimeAvg
bitonicsort,817824,950293,496455,318459,551726,554636,596024,326499,445059,427985,548496
mergesort,23342,54498,23969,44309,30416,24914,25514,20318,52598,23554,32343
quickSort,105474,110910,100632,101472,96721,107089,46500,110222,103451,46158,92862
radixsort,170331,305112,315583,328511,304941,116200,283810,471053,310600,256761,286290
