Input=./input/RandomLowOnFirstHalfAndHighOnSecondHalf_100.txt
Output=./output/RandomLowOnFirstHalfAndHighOnSecondHalf_100_p1.txt
Times measured in nsec
cores=48
maxProcs=1
runs=10
n=100
arrIn=[542 862 367 711 425 279 770 351 932 436 166 678 740 512 341 167 931 952 830 156 930 658 859 306 224 934 838 502 94 302 185 277 714 645 780 657 878 128 882 610 921 531 498 816 850 349 693 694 423 368 826519 596044 165196 370541 815580 272853 64840 495874 562843 197620 550172 663355 805812 790642 84513 402721 463125 278084 730191 357400 856919 846699 638684 585349 79257 46846 517322 363800 616738 104291 769657 562930 490939 416404 703349 136110 740773 352100 590131 251134 232521 39906 193620 412338 370520 400588 650383 731858 992594 404265]

Algorithm,ExecTime1,ExecTime2,ExecTime3,ExecTime4,ExecTime5,ExecTime6,ExecTime7,ExecTime8,ExecTime9,ExecTime10,ExecTimeAvg
bitonicsort,770229,308669,1097221,776474,773338,851267,572294,888248,782348,358188,717827
mergesort,20773,49508,25342,26573,33182,27721,8886,46844,50839,26733,31640
quickSort,111119,106008,106255,105122,51922,125218,105467,76834,137248,128988,105418
radixsort,652812,638418,269393,172792,245897,503582,767704,331403,381289,644472,460776
