Input=./input/SameValueCase_100.txt
Output=./output/SameValueCase_100_p48.txt
Times measured in nsec
cores=48
maxProcs=48
runs=10
n=100
arrIn=[10 10 10 10 10 10 10 10 10 10 10 10 10 10 10 10 10 10 10 10 10 10 10 10 10 10 10 10 10 10 10 10 10 10 10 10 10 10 10 10 10 10 10 10 10 10 10 10 10 10 10 10 10 10 10 10 10 10 10 10 10 10 10 10 10 10 10 10 10 10 10 10 10 10 10 10 10 10 10 10 10 10 10 10 10 10 10 10 10 10 10 10 10 10 10 10 10 10 10 0]

Algorithm,ExecTime1,ExecTime2,ExecTime3,ExecTime4,ExecTime5,ExecTime6,ExecTime7,ExecTime8,ExecTime9,ExecTime10,ExecTimeAvg
bitonicsort,456591,617629,326196,401003,985685,568945,493460,695547,354229,335037,523432
mergesort,5752,5756,6140,46159,7522,44362,10744,19676,43397,19436,20894
quickSort,211300,235803,55129,237685,223981,310212,179915,148627,251362,180526,203454
radixsort,368303,192484,365555,390436,304121,313337,117055,384950,501033,379242,331651
