Input=./input/SameValueCase_100.txt
Output=./output/SameValueCase_100_p1.txt
Times measured in nsec
cores=48
maxProcs=1
runs=10
n=100
arrIn=[10 10 10 10 10 10 10 10 10 10 10 10 10 10 10 10 10 10 10 10 10 10 10 10 10 10 10 10 10 10 10 10 10 10 10 10 10 10 10 10 10 10 10 10 10 10 10 10 10 10 10 10 10 10 10 10 10 10 10 10 10 10 10 10 10 10 10 10 10 10 10 10 10 10 10 10 10 10 10 10 10 10 10 10 10 10 10 10 10 10 10 10 10 10 10 10 10 10 10 0]

Algorithm,ExecTime1,ExecTime2,ExecTime3,ExecTime4,ExecTime5,ExecTime6,ExecTime7,ExecTime8,ExecTime9,ExecTime10,ExecTimeAvg
bitonicsort,988118,581613,309162,823307,417063,293900,706587,1024322,295454,812219,625174
mergesort,17111,21140,16534,19849,27400,17906,5766,5574,22335,19510,17312
quickSort,56879,55124,60394,59103,57353,47667,47563,60250,121288,162250,72787
radixsort,271907,296812,267330,269109,272260,577583,269012,400400,269851,275846,317011
