Input=./input/SortedInDescendingOrderCase_100.txt
Output=./output/SortedInDescendingOrderCase_100_p1.txt
Times measured in nsec
cores=48
maxProcs=1
runs=10
n=100
arrIn=[99 98 97 96 95 94 93 92 91 90 89 88 87 86 85 84 83 82 81 80 79 78 77 76 75 74 73 72 71 70 69 68 67 66 65 64 63 62 61 60 59 58 57 56 55 54 53 52 51 50 49 48 47 46 45 44 43 42 41 40 39 38 37 36 35 34 33 32 31 30 29 28 27 26 25 24 23 22 21 20 19 18 17 16 15 14 13 12 11 10 9 8 7 6 5 4 3 2 1 0]

Algorithm,ExecTime1,ExecTime2,ExecTime3,ExecTime4,ExecTime5,ExecTime6,ExecTime7,ExecTime8,ExecTime9,ExecTime10,ExecTimeAvg
bitonicsort,712865,756793,424022,605551,326527,888738,524603,320370,680883,662793,590314
mergesort,50879,28008,18415,18447,44116,17843,22705,19549,44249,17910,28212
quickSort,98471,105126,99677,104969,105102,99466,101254,98106,100854,45693,95871
radixsort,221240,174192,172196,369352,283412,422445,378861,389421,111319,173510,269594
