Input=./input/SortedInDescendingOrderCase_100.txt
Output=./output/SortedInDescendingOrderCase_100_p24.txt
Times measured in nsec
cores=48
maxProcs=24
runs=10
n=100
arrIn=[99 98 97 96 95 94 93 92 91 90 89 88 87 86 85 84 83 82 81 80 79 78 77 76 75 74 73 72 71 70 69 68 67 66 65 64 63 62 61 60 59 58 57 56 55 54 53 52 51 50 49 48 47 46 45 44 43 42 41 40 39 38 37 36 35 34 33 32 31 30 29 28 27 26 25 24 23 22 21 20 19 18 17 16 15 14 13 12 11 10 9 8 7 6 5 4 3 2 1 0]

Algorithm,ExecTime1,ExecTime2,ExecTime3,ExecTime4,ExecTime5,ExecTime6,ExecTime7,ExecTime8,ExecTime9,ExecTime10,ExecTimeAvg
bitonicsort,565216,1643758,735169,559316,602792,521341,482841,506865,536020,359355,651267
mergesort,39587,21174,70792,14835,21565,21963,17782,6706,14905,40646,26995
quickSort,106865,104964,248732,109851,113590,99804,117526,110570,120731,109364,124199
radixsort,245694,219376,124293,163660,216446,418745,257274,214866,244461,236417,234123
