Input=./input/AscendingOrderHighOnFirstHalfAndLowOnSecondHalf_100.txt
Output=./output/AscendingOrderHighOnFirstHalfAndLowOnSecondHalf_100_p48.txt
Times measured in nsec
cores=48
maxProcs=48
runs=10
n=100
arrIn=[99 98 97 96 95 94 93 92 91 90 89 88 87 86 85 84 83 82 81 80 79 78 77 76 75 74 73 72 71 70 69 68 67 66 65 64 63 62 61 60 59 58 57 56 55 54 53 52 51 50 0 1 2 3 4 5 6 7 8 9 10 11 12 13 14 15 16 17 18 19 20 21 22 23 24 25 26 27 28 29 30 31 32 33 34 35 36 37 38 39 40 41 42 43 44 45 46 47 48 49]

Algorithm,ExecTime1,ExecTime2,ExecTime3,ExecTime4,ExecTime5,ExecTime6,ExecTime7,ExecTime8,ExecTime9,ExecTime10,ExecTimeAvg
bitonicsort,982388,570020,847921,305233,511300,340589,487595,290803,463335,496687,529587
mergesort,34949,35605,36099,36567,36186,43637,36815,36912,6394,5809,30897
quickSort,109220,105197,37169,118867,100128,123053,96402,116293,234916,51319,109256
radixsort,206867,228784,169081,207409,221324,455592,108221,107626,214276,200641,211982
