Input=./input/MergeSortWorstCase_100.txt
Output=./output/MergeSortWorstCase_100_p1.txt
Times measured in nsec
cores=48
maxProcs=1
runs=10
n=100
arrIn=[0 64 32 96 16 80 48 8 72 40 24 88 56 4 68 36 20 84 52 12 76 44 28 92 60 2 66 34 98 18 82 50 10 74 42 26 90 58 6 70 38 22 86 54 14 78 46 30 94 62 1 65 33 97 17 81 49 9 73 41 25 89 57 5 69 37 21 85 53 13 77 45 29 93 61 3 67 35 99 19 83 51 11 75 43 27 91 59 7 71 39 23 87 55 15 79 47 31 95 63]

Algorithm,ExecTime1,ExecTime2,ExecTime3,ExecTime4,ExecTime5,ExecTime6,ExecTime7,ExecTime8,ExecTime9,ExecTime10,ExecTimeAvg
bitonicsort,595313,570899,440376,437636,358219,419678,856768,925959,614278,826001,604512
mergesort,20013,109723,19807,5999,47227,40456,42816,41298,49706,24649,40169
quickSort,126764,110514,117269,34770,129138,132230,106836,105259,122120,110630,109553
radixsort,291123,270459,304383,368615,305020,310743,310758,170456,340217,112663,278443
