Input=./input/NearlySortedInDescendingOrderCase_100.txt
Output=./output/NearlySortedInDescendingOrderCase_100_p48.txt
Times measured in nsec
cores=48
maxProcs=48
runs=10
n=100
arrIn=[99 61 97 33 95 94 93 92 91 90 89 88 87 86 85 41 83 82 81 80 79 78 55 76 75 74 73 72 71 70 69 68 67 66 65 64 63 62 98 60 59 35 57 56 31 54 53 52 51 50 49 10 47 46 45 44 43 42 84 40 39 38 37 23 58 34 96 32 77 30 29 28 27 26 25 24 36 22 21 20 19 18 17 16 15 14 13 12 11 8 9 5 7 6 48 4 3 2 1 0]

Algorithm,ExecTime1,ExecTime2,ExecTime3,ExecTime4,ExecTime5,ExecTime6,ExecTime7,ExecTime8,ExecTime9,ExecTime10,ExecTimeAvg
bitonicsort,265525,264134,590122,479594,356167,538764,409829,495489,541309,513257,445419
mergesort,6883,41533,42589,116327,40204,48381,47817,7507,54484,18359,42408
quickSort,231952,123791,104706,73415,175226,129293,123795,103352,49784,199219,131453
radixsort,252929,1717085,145291,193085,206701,396284,243463,241608,245566,281441,392345
