Input=./input/NearlySortedInDescendingOrderCase_100.txt
Output=./output/NearlySortedInDescendingOrderCase_100_p24.txt
Times measured in nsec
cores=48
maxProcs=24
runs=10
n=100
arrIn=[99 61 97 33 95 94 93 92 91 90 89 88 87 86 85 41 83 82 81 80 79 78 55 76 75 74 73 72 71 70 69 68 67 66 65 64 63 62 98 60 59 35 57 56 31 54 53 52 51 50 49 10 47 46 45 44 43 42 84 40 39 38 37 23 58 34 96 32 77 30 29 28 27 26 25 24 36 22 21 20 19 18 17 16 15 14 13 12 11 8 9 5 7 6 48 4 3 2 1 0]

Algorithm,ExecTime1,ExecTime2,ExecTime3,ExecTime4,ExecTime5,ExecTime6,ExecTime7,ExecTime8,ExecTime9,ExecTime10,ExecTimeAvg
bitonicsort,589260,1083878,614004,598579,589794,549935,422990,464573,616203,335500,586471
mergesort,29779,58749,53769,13373,42810,25113,42377,43450,30048,43066,38253
quickSort,122457,317155,180054,117946,125566,116361,91214,69155,106477,153504,139988
radixsort,236156,258865,234609,308271,119907,416421,109747,227855,239365,136232,228742
