Input=./input/SameValueCase_100.txt
Output=./output/SameValueCase_100_p24.txt
Times measured in nsec
cores=48
maxProcs=24
runs=10
n=100
arrIn=[10 10 10 10 10 10 10 10 10 10 10 10 10 10 10 10 10 10 10 10 10 10 10 10 10 10 10 10 10 10 10 10 10 10 10 10 10 10 10 10 10 10 10 10 10 10 10 10 10 10 10 10 10 10 10 10 10 10 10 10 10 10 10 10 10 10 10 10 10 10 10 10 10 10 10 10 10 10 10 10 10 10 10 10 10 10 10 10 10 10 10 10 10 10 10 10 10 10 10 0]

Algorithm,ExecTime1,ExecTime2,ExecTime3,ExecTime4,ExecTime5,ExecTime6,ExecTime7,ExecTime8,ExecTime9,ExecTime10,ExecTimeAvg
bitonicsort,451907,941423,331487,233098,264201,523371,572593,373755,364442,574657,463093
mergesort,34540,16399,5221,77049,36352,17456,35274,5207,33831,23782,28511
quickSort,195531,82239,182643,233705,128814,117494,55542,54371,404414,173190,162794
radixsort,119374,418967,428269,286705,292628,366792,305942,305998,384561,335418,324465
